5 stone rule result:

7.7:
white:14 10 16 13 9 12 14 14 19 17 17   155
black:29 19 18 24 20 22 23 23 25 23 22   248
tie:57 71 66 63 71 66 63 63 56 60 61  597

4.7:
17 15 11 20 11 
11 12 20 14 17
72 73 69 66 72 

4.7:
12 10 11 17 9
13 17 17 19 22
75 73 72 64 69

6.7:
10 11 11 9 7 11 11 12 13 12 
21 21 23 22 19 22 16 17 20 14 
69 68 66 69 74 67 73 71 67 74 

5.7:
13 6 12 3 7 3 8 13 8 10
11 13 12 15 18 18 9 9 14 15
76 81 76 82 75 79 83 78 78 75

3.7:
4 5 3 3 1 6 7 5 4 6
1 4 2 1 4 6 1 4 5 4
95 91 95 96 95 88 92 91 91 90 

1.7：
5 5 8 2 5 7 5 2 5 5
7 6 8 10 14 12 12 7 6 10
88 89 84 88 81 81 83 91 89 85

2.7：
13 18 17 2 1 3 7 3 3 3
4 4 3 2 2 3 3 4 2 4
83 78 80 77 97 94 90 93 95 93

###################################################
4 stone rule result:

7.7
white 237
black 763
tie 0

6.7
white 287
black 713
tie 0

5.7
white 265
black 735
tie 0

4.7
white 239
black 761
tie 0

3.7
white 40
black 960
tie 0

2.7
white 214
black 786
tie 0

1.7
white 15
black 985
tie 0